[array([[2020.14516129,  744.05483871],
       [2350.46774194,  741.47419355],
       [2185.30645161,  713.08709677],
       [2167.24193548,  785.34516129]]), array([[2020.14516129,  744.05483871],
       [2350.46774194,  741.47419355],
       [2185.30645161,  713.08709677],
       [2167.24193548,  785.34516129]]), array([[2020.14516129,  744.05483871],
       [2350.46774194,  741.47419355],
       [2185.30645161,  713.08709677],
       [2167.24193548,  785.34516129]]), array([[2020.14516129,  744.05483871],
       [2350.46774194,  741.47419355],
       [2185.30645161,  713.08709677],
       [2167.24193548,  785.34516129]]), array([[2020.14516129,  744.05483871],
       [2350.46774194,  741.47419355],
       [2185.30645161,  713.08709677],
       [2167.24193548,  785.34516129]]), array([[2020.14516129,  744.05483871],
       [2350.46774194,  741.47419355],
       [2185.30645161,  713.08709677],
       [2167.24193548,  785.34516129]]), array([[2020.14516129,  744.05483871],
       [2350.46774194,  741.47419355],
       [2185.30645161,  713.08709677],
       [2167.24193548,  785.34516129]]), array([[2020.14516129,  744.05483871],
       [2350.46774194,  741.47419355],
       [2185.30645161,  713.08709677],
       [2167.24193548,  785.34516129]]), array([[2020.14516129,  744.05483871],
       [2350.46774194,  741.47419355],
       [2185.30645161,  713.08709677],
       [2167.24193548,  785.34516129]]), array([[2020.14516129,  744.05483871],
       [2350.46774194,  741.47419355],
       [2185.30645161,  713.08709677],
       [2167.24193548,  785.34516129]]), array([[2020.14516129,  744.05483871],
       [2350.46774194,  741.47419355],
       [2185.30645161,  713.08709677],
       [2167.24193548,  785.34516129]]), array([[2020.14516129,  744.05483871],
       [2350.46774194,  741.47419355],
       [2185.30645161,  713.08709677],
       [2167.24193548,  785.34516129]]), array([[2020.14516129,  744.05483871],
       [2350.46774194,  741.47419355],
       [2185.30645161,  713.08709677],
       [2167.24193548,  785.34516129]]), array([[2020.14516129,  744.05483871],
       [2350.46774194,  741.47419355],
       [2185.30645161,  713.08709677],
       [2167.24193548,  785.34516129]]), array([[2020.14516129,  744.05483871],
       [2350.46774194,  741.47419355],
       [2185.30645161,  713.08709677],
       [2167.24193548,  785.34516129]]), array([[2020.14516129,  744.05483871],
       [2350.46774194,  741.47419355],
       [2185.30645161,  713.08709677],
       [2167.24193548,  785.34516129]]), array([[2020.14516129,  744.05483871],
       [2350.46774194,  741.47419355],
       [2185.30645161,  713.08709677],
       [2167.24193548,  785.34516129]]), array([[2020.14516129,  744.05483871],
       [2350.46774194,  741.47419355],
       [2185.30645161,  713.08709677],
       [2167.24193548,  785.34516129]]), array([[2020.14516129,  744.05483871],
       [2350.46774194,  741.47419355],
       [2185.30645161,  713.08709677],
       [2167.24193548,  785.34516129]]), array([[2020.14516129,  744.05483871],
       [2350.46774194,  741.47419355],
       [2185.30645161,  713.08709677],
       [2167.24193548,  785.34516129]]), array([[2020.14516129,  744.05483871],
       [2350.46774194,  741.47419355],
       [2185.30645161,  713.08709677],
       [2167.24193548,  785.34516129]]), array([[2020.14516129,  744.05483871],
       [2350.46774194,  741.47419355],
       [2185.30645161,  713.08709677],
       [2167.24193548,  785.34516129]]), array([[2020.14516129,  744.05483871],
       [2350.46774194,  741.47419355],
       [2185.30645161,  713.08709677],
       [2167.24193548,  785.34516129]]), array([[2020.14516129,  744.05483871],
       [2350.46774194,  741.47419355],
       [2185.30645161,  713.08709677],
       [2167.24193548,  785.34516129]]), array([[2020.14516129,  744.05483871],
       [2350.46774194,  741.47419355],
       [2185.30645161,  713.08709677],
       [2167.24193548,  785.34516129]]), array([[2020.14516129,  744.05483871],
       [2350.46774194,  741.47419355],
       [2185.30645161,  713.08709677],
       [2167.24193548,  785.34516129]]), array([[2020.14516129,  744.05483871],
       [2350.46774194,  741.47419355],
       [2185.30645161,  713.08709677],
       [2167.24193548,  785.34516129]]), array([[2020.14516129,  744.05483871],
       [2350.46774194,  741.47419355],
       [2185.30645161,  713.08709677],
       [2167.24193548,  785.34516129]]), array([[2020.14516129,  744.05483871],
       [2350.46774194,  741.47419355],
       [2185.30645161,  713.08709677],
       [2167.24193548,  785.34516129]]), array([[2020.14516129,  744.05483871],
       [2350.46774194,  741.47419355],
       [2185.30645161,  713.08709677],
       [2167.24193548,  785.34516129]]), array([[2020.14516129,  744.05483871],
       [2350.46774194,  741.47419355],
       [2185.30645161,  713.08709677],
       [2167.24193548,  785.34516129]]), array([[2020.14516129,  744.05483871],
       [2350.46774194,  741.47419355],
       [2185.30645161,  713.08709677],
       [2167.24193548,  785.34516129]]), array([[2020.14516129,  744.05483871],
       [2350.46774194,  741.47419355],
       [2185.30645161,  713.08709677],
       [2167.24193548,  785.34516129]]), array([[2020.14516129,  744.05483871],
       [2350.46774194,  741.47419355],
       [2185.30645161,  713.08709677],
       [2167.24193548,  785.34516129]]), array([[2020.14516129,  744.05483871],
       [2350.46774194,  741.47419355],
       [2185.30645161,  713.08709677],
       [2167.24193548,  785.34516129]]), array([[2020.14516129,  744.05483871],
       [2350.46774194,  741.47419355],
       [2185.30645161,  713.08709677],
       [2167.24193548,  785.34516129]]), array([[2020.14516129,  744.05483871],
       [2350.46774194,  741.47419355],
       [2185.30645161,  713.08709677],
       [2167.24193548,  785.34516129]]), array([[2020.14516129,  744.05483871],
       [2350.46774194,  741.47419355],
       [2185.30645161,  713.08709677],
       [2167.24193548,  785.34516129]]), array([[2020.14516129,  744.05483871],
       [2350.46774194,  741.47419355],
       [2185.30645161,  713.08709677],
       [2167.24193548,  785.34516129]]), array([[2020.14516129,  744.05483871],
       [2350.46774194,  741.47419355],
       [2185.30645161,  713.08709677],
       [2167.24193548,  785.34516129]]), array([[2020.14516129,  744.05483871],
       [2350.46774194,  741.47419355],
       [2185.30645161,  713.08709677],
       [2167.24193548,  785.34516129]])]

